RV = [0.62647 -0.13661]
PV = [-0.36659 -0.97043]